2.114056788051616430e+09
2.183050699547049046e+09
2.251247676348899841e+09
2.318296019693417549e+09
2.383800821646021366e+09
2.447344574620290279e+09
2.508491877139909744e+09
2.566794863979134083e+09
2.621796033030966759e+09
2.673028990973606110e+09
2.719988778883074284e+09
2.762149270026398182e+09
2.798987507640960217e+09
2.829997938377691269e+09
2.854701617462559223e+09
2.872658286920219898e+09
2.883462700263836384e+09
2.886722105297056198e+09
2.882086916397387028e+09
2.869276772365278721e+09
2.848092009555121899e+09
2.818425694711018085e+09
2.780271500091163635e+09
2.733768034855149746e+09
2.679205644723906517e+09
2.616970048692599297e+09
2.547532803822824955e+09
2.471445676643934727e+09
2.389344422735141754e+09
2.301961465349287510e+09
2.210315497883627415e+09
2.115563456378553152e+09
2.018801098595410824e+09
1.921052940582887650e+09
1.823253225683311939e+09
1.726230251495455503e+09
1.630815299567854404e+09
1.538055048855345726e+09
1.448851421679482698e+09
1.363860935997114658e+09
1.283520665786636829e+09
1.208073619002356291e+09
1.137607548586407423e+09
1.072105514602271318e+09
1.011466437744584441e+09
9.555248970085479021e+08
9.040865546067631245e+08
8.567961175218436718e+08
8.130705116832398176e+08
7.724214973228328228e+08
7.342948305106558800e+08
6.980834927210111618e+08
6.632347450896108150e+08
6.291882084736319780e+08
5.954680306489785910e+08
5.616894374142618179e+08
5.275841228056284189e+08
4.930806430939813852e+08
4.582876691003809571e+08
4.233970672557739615e+08
3.888607015494406223e+08
3.551993179226928949e+08
3.229373352913469076e+08
2.925628103269161582e+08
2.644660907814759910e+08
2.389120185490206480e+08
2.159969829296316504e+08
1.956851422892552018e+08
1.777958867064433694e+08
1.620514714879825711e+08
1.480978984411557317e+08
1.355612638187608123e+08
1.240821591104161143e+08
1.133781151787403971e+08
1.032614667910256535e+08
9.363637416792337596e+07
8.452432079225957394e+07
7.599596718279926479e+07
6.812822181502401829e+07
6.098286789264011383e+07
5.456538503208636492e+07
4.886417929362636805e+07
4.381822134249486029e+07
3.933682589622040093e+07
3.529394312563003600e+07
3.160257445173713192e+07
2.822132171372695640e+07
2.512166153750737756e+07
2.231891981259057671e+07
1.983509810126257315e+07
1.764614449725201353e+07
1.569139817661022767e+07
1.392825942010761052e+07
1.234139437292991206e+07
1.092174118067541718e+07
9.661234986471729353e+06
8.548844590337665752e+06
7.556279895631873980e+06
6.666310397725434974e+06
5.875667976282334886e+06
